15
70 57 61 81 76 62 81 30 75 43 98 95 41 86 71
12
89 8 53 37 24 54 8 91 41 84 64 38
17
54 60 56 89 16 86 60 12 36 76 57 46 22 57 87 47 38
6
30 91 91 91 90 33
14
7 55 29 21 37 83 15 82 29 100 83 22 64 24
6
7 55 79 56 88 93
10
18 75 82 59 39 99 92 39 89 72
8
89 57 41 58 46 7 37 63
3
28 98 88
10
3 14 55 61 64 10 99 65 29 58
8
18 83 18 15 30 63 89 66
15
32 57 31 15 25 5 3 57 2 27 87 71 9 16 55
19
62 52 75 8 47 16 37 97 7 58 6 64 46 9 4 42 13 18 49
19
13 71 32 89 6 22 47 72 41 7 99 7 56 78 16 87 16 84 95
11
20 51 38 52 95 72 13 31 3 76 84
5
55 29 10 49 30
19
0 36 97 45 99 74 70 85 36 46 82 55 35 43 61 56 99 25 8
19
65 50 82 29 85 88 4 10 98 73 9 7 32 32 89 64 30 4 56
14
87 52 82 56 11 39 79 7 62 47 50 27 33 30
6
86 31 52 20 97 10
3
52 93 74
11
45 100 72 46 11 93 61 17 83 59 85
12
43 62 93 53 60 1 60 84 63 22 5 75
5
62 45 0 86 7
14
30 3 22 95 14 13 82 100 95 29 61 69 93 24
3
87 46 90
19
9 39 55 69 99 100 45 78 82 51 60 66 82 12 1 70 94 39 61
10
74 69 86 80 61 55 100 73 90 96
11
73 39 49 72 7 61 70 24 76 93 59
11
17 88 4 14 16 28 24 33 50 0 18
6
70 65 95 44 56 17
8
78 16 0 83 18 26 73 41
17
38 37 24 20 11 97 61 47 26 28 7 14 45 88 2 49 22
11
72 54 51 47 4 71 99 36 73 8 15
17
74 4 26 63 4 47 58 35 97 72 72 81 83 5 94 38 66
5
92 16 79 58 10
3
29 19 94
5
30 29 99 5 82
11
15 8 33 22 39 26 67 33 30 50 60
4
41 94 54 19
6
62 1 8 31 90 66
19
20 79 33 93 30 18 93 79 1 18 69 98 23 78 52 40 29 3 49
15
41 3 63 81 89 25 56 97 67 71 62 35 81 74 60
3
34 75 91
4
100 41 79 64
9
8 58 5 38 88 100 6 59 65
12
41 76 60 42 45 94 11 67 89 98 45 69
15
19 100 74 73 100 17 87 30 74 34 87 81 80 62 66
8
40 83 57 57 37 59 4 0
8
44 54 94 25 81 95 78 29
10
10 20 98 10 60 25 96 32 40 44
10
2 85 69 36 28 20 56 86 49 55
5
97 52 66 3 57
18
14 44 81 80 59 5 97 12 46 88 14 25 67 100 90 52 82 91
19
97 14 3 1 17 13 5 40 16 26 100 66 32 80 41 58 51 16 100
8
17 12 40 2 27 18 72 26
13
8 19 85 43 46 15 61 23 91 95 84 15 29
14
14 35 55 61 9 38 13 36 95 15 49 5 55 56
19
54 7 64 77 67 13 35 62 64 70 59 89 69 44 28 50 19 63 91
5
21 14 99 18 3
7
45 34 31 64 46 72 29
3
95 95 92
17
94 22 10 23 28 28 4 46 94 27 20 2 71 1 24 30 51
6
25 23 40 10 15 68
19
6 20 54 87 2 97 47 33 82 46 9 10 10 39 92 70 7 1 21
14
82 38 24 46 75 36 80 82 87 15 22 78 34 15
15
92 87 59 30 28 53 2 69 12 12 36 34 15 70 9
9
14 20 84 88 92 29 15 7 88
8
35 8 84 86 17 78 45 80
7
81 30 8 30 98 5 29
4
69 20 26 26
14
98 65 75 53 34 38 32 64 74 69 37 34 26 57
13
28 14 6 53 65 55 34 28 23 0 36 30 40
7
3 43 10 24 32 50 97
12
36 45 96 2 51 99 29 22 40 94 13 66
4
100 31 28 22
4
34 15 31 40
8
73 96 28 68 59 29 50 94
3
6 60 37
4
81 6 87 20
10
30 55 20 74 46 24 41 34 35 23
17
80 72 11 97 29 26 71 51 67 93 95 16 29 44 12 59 48
6
6 30 99 51 36 23
13
44 93 30 71 68 25 49 100 24 3 81 42 98
13
28 18 66 90 24 48 56 85 3 97 14 84 0
4
32 76 41 7
8
28 39 62 26 77 3 46 14
16
42 1 3 2 5 56 74 3 80 24 85 46 41 48 51 43
10
14 80 16 58 37 92 53 97 45 59